   1.1649535e+00   1.5578135e+00   6.3480859e-01   3.6511846e-01  -1.3009819e+00  -5.9452401e-01  -1.9354386e-01  -3.5344368e-02  -6.3885466e-01   1.2311115e+00
   6.2683908e-01  -2.4442989e+00   8.2040976e-01   8.4610553e-01   1.5741319e+00   1.3024598e-01   1.6513012e+00  -1.5013288e+00   6.0554030e-01   9.9429975e-01
   7.5080155e-02  -1.0981954e+00  -1.7602651e-01  -1.8453766e-01   1.1660400e+00   3.5013505e-02  -1.8987782e+00   3.6537341e-01  -6.2448054e-01  -8.0347471e-01
   3.5160690e-01   1.1226479e+00   5.6247387e-01   1.0307144e+00   7.8642969e-01  -6.2467414e-01   1.8225248e+00  -1.9865986e-01   5.7222812e-01  -5.9120448e-01
  -6.9651254e-01   5.8166726e-01  -1.2744288e-01  -1.5276227e+00  -1.4616388e+00  -5.3977524e-01  -1.5184151e+00  -1.3897217e+00  -7.2441050e-01   1.6915464e+00
   1.6961425e+00  -2.7135430e-01   5.5417156e-01   9.6493896e-01   1.5544659e+00   1.8799571e+00  -1.0510706e+00   2.2932781e-01   1.1921955e+00   9.5335552e-01
   5.9059778e-02   4.1419131e-01  -1.0973443e+00   5.2616250e-01  -5.9753538e-01  -1.0038495e+00   4.9930513e-02   2.7119024e-01   1.8674674e-01  -1.9300549e+00
   1.7970718e+00  -9.7781423e-01  -7.3130140e-01  -1.8445412e-01  -1.2105679e+00  -4.9744588e-01  -1.4547489e+00  -3.6636022e-01   1.5949389e+00   5.1284499e-01
   2.6406853e-01  -1.0214662e+00   1.4047319e+00   1.9878283e-01  -7.0266880e-01  -1.5043972e+00   4.6654585e-01   1.3769604e+00   3.2130706e-01   3.9368245e-01
   8.7167329e-01   3.1768798e-01  -6.2021421e-01   1.5904268e+00   3.5642939e-01  -9.5449299e-02   5.4543684e-01  -7.9753276e-01   8.6684073e-01  -9.0542650e-01
  -1.4461715e+00   1.5161078e+00   2.3714877e-01   3.2191640e-02   6.5263567e-01   3.9672705e-01   1.3203191e+00  -9.3674061e-01   1.2918436e+00  -1.2744733e+00
  -7.0116535e-01   7.4943245e-01  -1.5868470e+00   8.8916367e-01   2.1567116e-01  -5.2711491e-01  -4.0449433e-01  -2.4334655e-03   4.3431265e-01   3.4654610e-01
   1.2459821e+00  -5.0770039e-01  -4.0148481e-01  -1.2991525e+00  -2.6389619e-01   3.4457106e-01   4.1846851e-01   3.9608617e-01  -3.8620693e-01  -1.1952354e+00
  -6.3897700e-01   8.8529945e-01  -7.7069227e-01   1.1825731e+00   1.8024402e+00  -7.2329053e-01   2.4734875e-01  -5.0869317e-01  -1.1256376e-01   6.6720144e-01
   5.7735022e-01  -2.4809355e-01  -2.6268051e-01   1.8174717e+00  -6.4298417e-01   1.2681934e+00   7.0411032e-01  -2.6828578e-01  -9.6433308e-01  -6.7793775e-02
  -3.6002963e-01  -7.2624900e-01   9.7648954e-01  -5.8430213e-01   1.0955505e-01  -3.1242658e-02   6.3193885e-01  -1.0821405e+00  -2.0572512e+00  -1.7356601e+00
  -1.3557629e-01  -4.4504030e-01   9.7781504e-01  -1.0106738e+00  -7.1903770e-01   7.7821174e-01  -9.9236211e-01   2.0141337e+00   1.4999607e-01   8.0634857e-01
  -1.3493385e+00  -6.1291112e-01   1.1700211e+00  -9.6049831e-01   4.2062757e-01   2.1804836e+00   1.7667084e+00   1.9440311e+00   5.4203757e-01  -9.1480074e-01
  -1.2704499e+00  -2.0914408e-01   1.5931086e-01   6.9115958e-01  -1.9311337e+00   4.3781368e-01  -3.8210364e-01  -1.5215294e+00   2.5440882e-01  -5.1401256e-01
   9.8457027e-01   5.6214783e-01   4.9952085e-01  -7.5861821e-01   6.6029978e-01   1.3333290e+00  -9.1142542e-01   1.9393184e+00  -3.0724069e-01   1.8962606e+00
  -4.4880614e-02  -1.0639229e+00  -1.0553751e+00  -9.6971733e-02  -1.1025096e+00   2.5107814e-01  -9.9608998e-01  -8.9584036e-01  -4.1711183e-01  -2.5322999e-01
  -7.9894452e-01   3.5158895e-01  -4.5074320e-01  -1.4069490e+00  -1.0297064e-01  -3.1047091e-01   1.1951426e+00  -3.0415758e-01   1.1368048e+00  -1.7453060e-01
  -7.6517243e-01   1.1329999e+00   1.2703782e+00   1.0308125e+00  -1.0598015e+00  -9.2300372e-01  -1.5944778e-01   5.5525312e-01   3.9131381e-01   9.7878842e-01
   8.6173490e-01   1.4999425e-01   8.9869360e-01  -7.5987440e-01  -1.2385659e+00  -3.8477574e-01   2.7040260e+00  -3.2424685e-01   1.6051478e+00   1.2895537e+00
  -5.6225124e-02   7.0314405e-01   4.3870510e-01   8.7412723e-01  -1.8892361e+00   1.1581806e+00  -1.9849992e-01   1.3388144e+00   8.2589231e-01  -5.3057504e-01
   5.1347817e-01  -5.2411585e-02  -1.2473443e+00   7.6112700e-01  -9.7358455e-01   8.6250019e-01  -1.4140461e-01   1.2222985e+00   1.4703904e+00  -6.9297149e-01
   3.9668087e-01   2.0184961e+00   3.2466692e-01  -1.6592345e-01   2.1211584e-01  -1.0347056e+00   4.1126793e-01  -1.5959782e+00  -1.3789069e+00  -8.5980623e-01
   7.5621897e-01   9.2415940e-01   3.9007041e-01   3.0090744e-01   4.9344199e-01  -1.9267288e-01  -1.1790597e+00  -1.0677303e+00  -2.6017207e-01   5.2903806e-01
   4.0048602e-01  -1.8141147e+00  -4.0513832e-01  -3.2246733e-01   1.5471766e+00  -1.2997228e+00  -2.7777551e-01  -7.5991921e-01   9.9476817e-01  -2.2785198e-01
  -1.3413807e+00   3.4973320e-02   2.9231488e-01  -3.6841128e-01   6.4493275e-01   3.0659592e-01  -1.5810534e+00   4.2098880e-01   1.8340337e+00   3.7677033e-01
   3.7504102e-01  -1.8078621e+00   2.5659102e+00   1.1478953e+00  -2.1483590e+00   9.6899218e-01   1.0490223e+00  -4.3337306e-01  -1.7159103e+00   1.2215562e+00
   1.1251618e+00   1.0281925e+00  -4.5781564e-01   4.1430260e-02  -1.0288445e+00  -7.4731713e-01   3.0268904e-01   7.0625199e-01   8.6931706e-02   1.0982878e+00
   7.2864159e-01   3.9460031e-01  -1.6108270e+00  -1.0980497e+00  -1.4158212e-01  -2.7960244e+00  -1.2265023e+00   2.2785691e-01   1.9556744e+00  -8.5301434e-01
  -2.3774543e+00   6.3940564e-01  -2.6695238e+00   1.5667237e+00  -2.5267061e+00   6.9673155e-01   6.9600095e-02  -1.0169919e+00   1.6145377e-01  -9.0420430e-01
  -2.7378242e-01   8.7421289e-01  -7.5969665e-01  -1.0484234e+00  -3.1298149e-01   3.2069075e+00  -3.9651621e-01   1.3986037e-01  -6.2868836e-01   6.9867040e-01
  -3.2293992e-01   1.7524017e+00  -6.7472086e-01   4.2272368e-01  -5.9361762e-01   5.3600704e-01   1.3888068e+00  -7.4808884e-01  -1.4388245e+00   4.8259771e-01
   3.1798792e-01  -3.2005083e-01  -1.1716872e+00  -8.4441438e-01   3.3232216e-01   2.9845054e-01   1.3644223e+00  -6.2897493e-01  -6.6595969e-02   8.1169598e-01
  -5.1117221e-01  -1.3741381e-01   2.0329300e+00  -3.1162976e-01   5.5885070e-01   2.8404316e-01   6.5815264e-01   1.3948307e+00   3.7338086e-01   3.2788265e-01
  -2.0413453e-03   6.1576963e-01   9.6848105e-01   3.9781048e-01   8.9988357e-01   9.5966437e-01   4.9131367e-01  -1.6476911e+00   2.1731408e-01  -1.5869167e+00
   1.6065110e+00   9.7789407e-01   6.7029200e-01   1.0497860e+00  -2.0089886e-01   2.0875931e+00   8.0073370e-01  -2.0149858e+00  -1.7945682e-01  -9.2078305e-01
   8.4764863e-01  -1.1153477e+00   4.2014604e-01  -3.4079556e-01  -2.3373497e-01   1.5246805e+00  -7.6726900e-01   4.9171688e-01   2.5672907e-02  -6.1427376e-01
   2.6810081e-01  -5.5002145e-01  -2.8727513e+00   3.3629700e-01   1.4499066e+00  -1.9526079e-01   3.6441950e-01  -1.5549753e+00   6.4206636e-01  -3.3467155e-01
  -9.2348909e-01   3.9884853e-02   1.6858741e+00  -2.2136078e-01   1.8361320e+00   1.7260316e-02  -3.9791385e-01  -1.4060908e-01   9.2308665e-01   8.0344625e-02
  -7.0499388e-02  -2.4828425e+00   2.7924554e-02   1.6649494e-02  -3.8291826e-01   2.4634044e-01   8.6427958e-01   2.4494367e-01  -1.5551078e+00  -4.7555078e-02
   1.4789135e-01   1.1586547e+00  -9.0203058e-01  -1.1923612e+00   1.5508274e-01  -8.5448472e-01  -1.7761808e-01  -2.6745850e-01   6.6359403e-01  -6.1473562e-01
  -5.5709364e-01  -1.0262795e+00  -2.0532575e+00  -1.3164630e-01  -9.6464825e-01   1.1577827e+00   1.8743805e+00  -5.7024548e-01  -6.0949961e-01   2.4036197e-01
  -3.3670570e-01   1.1534870e+00   8.9086298e-02   1.4875243e+00   3.8756431e-02   1.6190772e-01   1.7240023e-01  -1.8726679e-01   5.6523940e-01   1.2501682e-01
   4.1522746e-01  -7.8645661e-01   2.0870991e+00  -8.3682123e-01   7.6545839e-01   1.5570638e+00   1.2717435e+00   1.2085566e+00  -6.1078145e-01  -2.2360459e-01
