-2.0744e-09 -1.4771e-09 -1.6283e-09 -1.4702e-09 -1.5409e-09 -1.2351e-09 -1.2841e-09 -1.7886e-09 -1.4983e-09 -1.5203e-09
6.5676e-11 -1.8419e-09 -6.538e-10 -1.0473e-09 -4.5144e-10 -5.6441e-10 -7.4527e-10 -6.3213e-10 -7.3984e-10 -8.6216e-10
2.0352e-10 3.0106e-10 -1.2172e-09 -5.6884e-10 -9.3086e-11 -6.9548e-10 -4.2201e-10 -3.1559e-10 4.0804e-11 -9.8588e-11
-2.1511e-10 6.7193e-11 -1.2348e-10 1.6039e-09 6.763e-10 7.4096e-10 1.4327e-10 -1.2269e-10 4.7248e-10 5.1893e-10
-3.3031e-11 -1.4398e-10 6.0496e-11 1.6459e-10 1.6609e-09 7.0444e-10 4.2782e-10 -3.3496e-10 9.8674e-11 1.0869e-10
6.7337e-11 1.2568e-10 1.4395e-10 -1.7813e-10 -2.2096e-10 -1.4643e-09 -1.7036e-10 3.2127e-10 -2.8903e-10 -2.3015e-10
1.0454e-10 -7.844e-11 1.3878e-11 -4.4572e-12 7.2791e-11 -4.0635e-11 1.3188e-09 1.6542e-10 3.0899e-10 3.5544e-10
-3.2989e-10 -2.3889e-10 -1.6728e-10 -1.2695e-10 -1.8873e-11 3.9935e-11 -1.8182e-10 -1.6119e-09 -1.4045e-10 -2.9886e-10
-4.241e-10 -2.3563e-10 -5.0035e-10 -3.901e-10 -3.2605e-10 -4.6985e-10 -3.408e-10 -3.6317e-10 9.8576e-10 -8.1507e-10
2.5997e-10 8.2902e-11 5.1509e-11 -1.4167e-10 -4.8262e-12 2.4282e-11 -1.1685e-11 4.0036e-10 6.9682e-11 -9.1017e-10
