5.0541e-10 -1.3934e-11 3.8745e-11 -7.6347e-11 -2.1167e-11 -5.4014e-11 -5.1058e-11 -6.5971e-11 2.3572e-11 -5.778e-11
-5.1214e-11 7.3245e-10 -3.2857e-11 -2.0088e-10 6.8006e-12 7.0158e-11 -1.4666e-11 -6.9682e-11 4.0158e-11 6.7572e-11
8.6291e-12 -1.1509e-11 5.7309e-10 -7.3776e-11 -8.5776e-12 -1.6248e-11 1.1548e-10 6.6931e-12 -2.3503e-13 2.5449e-11
-6.3951e-11 -2.3598e-10 -4.3665e-11 8.9674e-10 1.9033e-12 1.8397e-11 -1.2009e-11 5.2046e-11 8.329e-11 1.3311e-11
-1.3551e-11 2.1146e-11 -2.8037e-11 2.3339e-11 6.8951e-10 -5.5187e-11 7.3037e-11 5.6637e-11 4.7796e-11 2.5375e-11
-4.5597e-11 6.6086e-11 -5.2111e-12 3.4753e-12 -3.3184e-11 6.4057e-10 -1.2593e-10 4.5333e-11 -5.0785e-11 -5.9547e-11
-5.1121e-11 -8.326e-12 4.9103e-11 3.2603e-11 7.1857e-11 -1.271e-10 7.9755e-10 -9.111e-12 7.2947e-11 -5.2127e-12
-1.567e-11 -3.2193e-11 4.097e-12 6.5478e-11 5.241e-11 1.4613e-11 -4.1253e-12 7.1467e-10 2.9414e-11 4.4729e-11
3.5808e-11 6.1155e-11 -1.2804e-11 5.2976e-11 4.339e-11 -6.3107e-11 3.985e-11 3.6147e-11 7.0149e-10 -1.0571e-10
-6.9314e-11 1.1199e-10 4.4476e-11 -6.1582e-11 3.7606e-11 -6.0286e-11 -3.1089e-11 1.1097e-11 -9.258e-11 6.8958e-10
